solid OpenSCAD_Model
  facet normal 0.356824 0 -0.934172
    outer loop
      vertex 0.000499725 -50 -80.9017
      vertex 0.000499725 50 -80.9017
      vertex 80.9017 -0.000499725 -50
    endloop
  endfacet
  facet normal 0.57735 0.57735 0.57735
    outer loop
      vertex 50 80.9017 0.000499725
      vertex 0.000499725 50 80.9017
      vertex 80.9017 0.000499725 50
    endloop
  endfacet
  facet normal -0.57735 -0.57735 -0.57735
    outer loop
      vertex -50 -80.9017 -0.000499725
      vertex -80.9017 -0.000499725 -50
      vertex -0.000499725 -50 -80.9017
    endloop
  endfacet
  facet normal 0 0.934172 -0.356824
    outer loop
      vertex 0.000499725 50 -80.9017
      vertex -0.000499725 50 -80.9017
      vertex 50 80.9017 -0.000499725
    endloop
  endfacet
  facet normal 0.57735 -0.57735 -0.57735
    outer loop
      vertex 0.000499725 -50 -80.9017
      vertex 80.9017 -0.000499725 -50
      vertex 50 -80.9017 -0.000499725
    endloop
  endfacet
  facet normal 0.934172 0.356824 -0
    outer loop
      vertex 80.9017 0.000499725 -50
      vertex 50 80.9017 0.000499725
      vertex 80.9017 0.000499725 50
    endloop
  endfacet
  facet normal 0 0 1
    outer loop
      vertex -0.000499725 -50 80.9017
      vertex 0.000499725 50 80.9017
      vertex -0.000499725 50 80.9017
    endloop
  endfacet
  facet normal -1 0 0
    outer loop
      vertex -80.9017 -0.000499725 -50
      vertex -80.9017 0.000499725 50
      vertex -80.9017 0.000499725 -50
    endloop
  endfacet
  facet normal -0.934172 0.356824 0
    outer loop
      vertex -80.9017 0.000499725 50
      vertex -50 80.9017 0.000499725
      vertex -80.9017 0.000499725 -50
    endloop
  endfacet
  facet normal -0 0.934172 0.356824
    outer loop
      vertex -50 80.9017 0.000499725
      vertex 0.000499725 50 80.9017
      vertex 50 80.9017 0.000499725
    endloop
  endfacet
  facet normal 0.57735 -0.57735 0.57735
    outer loop
      vertex 0.000499725 -50 80.9017
      vertex 50 -80.9017 0.000499725
      vertex 80.9017 -0.000499725 50
    endloop
  endfacet
  facet normal 0 1 0
    outer loop
      vertex -50 80.9017 0.000499725
      vertex 50 80.9017 -0.000499725
      vertex -50 80.9017 -0.000499725
    endloop
  endfacet
  facet normal 0 0.934172 0.356824
    outer loop
      vertex 0.000499725 50 80.9017
      vertex -50 80.9017 0.000499725
      vertex -0.000499725 50 80.9017
    endloop
  endfacet
  facet normal -0.356824 0 0.934172
    outer loop
      vertex -80.9017 0.000499725 50
      vertex -80.9017 -0.000499725 50
      vertex -0.000499725 -50 80.9017
    endloop
  endfacet
  facet normal -0.934172 -0.356824 -0
    outer loop
      vertex -80.9017 -0.000499725 50
      vertex -80.9017 -0.000499725 -50
      vertex -50 -80.9017 -0.000499725
    endloop
  endfacet
  facet normal -0 -0.934172 -0.356824
    outer loop
      vertex 0.000499725 -50 -80.9017
      vertex -50 -80.9017 -0.000499725
      vertex -0.000499725 -50 -80.9017
    endloop
  endfacet
  facet normal -0 1 0
    outer loop
      vertex -50 80.9017 0.000499725
      vertex 50 80.9017 0.000499725
      vertex 50 80.9017 -0.000499725
    endloop
  endfacet
  facet normal -0 -0 -1
    outer loop
      vertex 0.000499725 50 -80.9017
      vertex 0.000499725 -50 -80.9017
      vertex -0.000499725 50 -80.9017
    endloop
  endfacet
  facet normal -1 0 0
    outer loop
      vertex -80.9017 -0.000499725 -50
      vertex -80.9017 -0.000499725 50
      vertex -80.9017 0.000499725 50
    endloop
  endfacet
  facet normal -0.57735 -0.57735 0.57735
    outer loop
      vertex -0.000499725 -50 80.9017
      vertex -80.9017 -0.000499725 50
      vertex -50 -80.9017 0.000499725
    endloop
  endfacet
  facet normal 0.57735 0.57735 -0.57735
    outer loop
      vertex 0.000499725 50 -80.9017
      vertex 50 80.9017 -0.000499725
      vertex 80.9017 0.000499725 -50
    endloop
  endfacet
  facet normal 0.934172 0.356824 -0
    outer loop
      vertex 50 80.9017 -0.000499725
      vertex 50 80.9017 0.000499725
      vertex 80.9017 0.000499725 -50
    endloop
  endfacet
  facet normal -0.934172 -0.356824 0
    outer loop
      vertex -80.9017 -0.000499725 50
      vertex -50 -80.9017 -0.000499725
      vertex -50 -80.9017 0.000499725
    endloop
  endfacet
  facet normal 0.934172 -0.356824 0
    outer loop
      vertex 80.9017 -0.000499725 -50
      vertex 50 -80.9017 0.000499725
      vertex 50 -80.9017 -0.000499725
    endloop
  endfacet
  facet normal 0 -0.934172 0.356824
    outer loop
      vertex 50 -80.9017 0.000499725
      vertex 0.000499725 -50 80.9017
      vertex -0.000499725 -50 80.9017
    endloop
  endfacet
  facet normal 0 -0 1
    outer loop
      vertex 0.000499725 -50 80.9017
      vertex 0.000499725 50 80.9017
      vertex -0.000499725 -50 80.9017
    endloop
  endfacet
  facet normal -0.356824 0 -0.934172
    outer loop
      vertex -80.9017 -0.000499725 -50
      vertex -0.000499725 50 -80.9017
      vertex -0.000499725 -50 -80.9017
    endloop
  endfacet
  facet normal 0 0 -1
    outer loop
      vertex -0.000499725 50 -80.9017
      vertex 0.000499725 -50 -80.9017
      vertex -0.000499725 -50 -80.9017
    endloop
  endfacet
  facet normal -0.934172 0.356824 0
    outer loop
      vertex -80.9017 0.000499725 -50
      vertex -50 80.9017 0.000499725
      vertex -50 80.9017 -0.000499725
    endloop
  endfacet
  facet normal -0.356824 0 -0.934172
    outer loop
      vertex -0.000499725 50 -80.9017
      vertex -80.9017 -0.000499725 -50
      vertex -80.9017 0.000499725 -50
    endloop
  endfacet
  facet normal -0.57735 0.57735 0.57735
    outer loop
      vertex -50 80.9017 0.000499725
      vertex -80.9017 0.000499725 50
      vertex -0.000499725 50 80.9017
    endloop
  endfacet
  facet normal -0.356824 0 0.934172
    outer loop
      vertex -80.9017 0.000499725 50
      vertex -0.000499725 -50 80.9017
      vertex -0.000499725 50 80.9017
    endloop
  endfacet
  facet normal 0.356824 0 0.934172
    outer loop
      vertex 0.000499725 50 80.9017
      vertex 0.000499725 -50 80.9017
      vertex 80.9017 -0.000499725 50
    endloop
  endfacet
  facet normal 0.356824 0 -0.934172
    outer loop
      vertex 80.9017 -0.000499725 -50
      vertex 0.000499725 50 -80.9017
      vertex 80.9017 0.000499725 -50
    endloop
  endfacet
  facet normal 0 -1 -0
    outer loop
      vertex 50 -80.9017 0.000499725
      vertex -50 -80.9017 -0.000499725
      vertex 50 -80.9017 -0.000499725
    endloop
  endfacet
  facet normal 0 -0.934172 -0.356824
    outer loop
      vertex -50 -80.9017 -0.000499725
      vertex 0.000499725 -50 -80.9017
      vertex 50 -80.9017 -0.000499725
    endloop
  endfacet
  facet normal 0.934172 -0.356824 0
    outer loop
      vertex 50 -80.9017 0.000499725
      vertex 80.9017 -0.000499725 -50
      vertex 80.9017 -0.000499725 50
    endloop
  endfacet
  facet normal 1 0 0
    outer loop
      vertex 80.9017 -0.000499725 -50
      vertex 80.9017 0.000499725 -50
      vertex 80.9017 -0.000499725 50
    endloop
  endfacet
  facet normal 0 -1 0
    outer loop
      vertex -50 -80.9017 -0.000499725
      vertex 50 -80.9017 0.000499725
      vertex -50 -80.9017 0.000499725
    endloop
  endfacet
  facet normal 0 -0.934172 0.356824
    outer loop
      vertex 50 -80.9017 0.000499725
      vertex -0.000499725 -50 80.9017
      vertex -50 -80.9017 0.000499725
    endloop
  endfacet
  facet normal 0 0.934172 -0.356824
    outer loop
      vertex 50 80.9017 -0.000499725
      vertex -0.000499725 50 -80.9017
      vertex -50 80.9017 -0.000499725
    endloop
  endfacet
  facet normal -0.57735 0.57735 -0.57735
    outer loop
      vertex -0.000499725 50 -80.9017
      vertex -80.9017 0.000499725 -50
      vertex -50 80.9017 -0.000499725
    endloop
  endfacet
  facet normal 0.356824 0 0.934172
    outer loop
      vertex 0.000499725 50 80.9017
      vertex 80.9017 -0.000499725 50
      vertex 80.9017 0.000499725 50
    endloop
  endfacet
  facet normal 1 -0 0
    outer loop
      vertex 80.9017 -0.000499725 50
      vertex 80.9017 0.000499725 -50
      vertex 80.9017 0.000499725 50
    endloop
  endfacet
endsolid OpenSCAD_Model
